//Maya ASCII 2018ff07 scene
//Name: animation.ma
//Last modified: Thu, Mar 28, 2019 11:44:26 AM
//Codeset: UTF-8
requires maya "2018ff07";
requires "stereoCamera" "10.0";
requires "stereoCamera" "10.0";
currentUnit -l centimeter -a degree -t ntsc;
fileInfo "application" "maya";
fileInfo "product" "Maya 2018";
fileInfo "version" "2018";
fileInfo "cutIdentifier" "201711281015-8e846c9074";
fileInfo "osv" "Mac OS X 10.13.6";
createNode animCurveTU -n "CURVE1";
	rename -uid "6497AA72-9648-20C8-3484-A985AAF011A4";
	setAttr ".tan" 18;
	setAttr -s 78 ".ktv[0:77]"  1300 1 1301 1 1302 1 1304 1.1022560712600358
		 1306 1.0265108332896453 1307 1 1308 1 1310 1 1312 1 1313 1 1314 1 1316 1 1318 1 1319 1
		 1320 1 1321 1 1322 1 1324 1 1326 1 1328 1 1330 1 1332 1 1334 1 1335 1 1336 1 1338 1
		 1340 1 1342 1 1344 1 1346 1 1348 1 1350 1 1352 1 1354 1 1355 1 1356 1 1358 1 1359 1
		 1360 1 1362 1 1364 1 1366 1 1368 1 1370 1 1372 1 1374 1 1375 1 1376 1 1378 1 1380 1
		 1381 1 1382 1 1383 1 1384 1 1386 1 1388 1 1390 1 1392 0.90788763175229559 1394 0.52024808204318762
		 1395 0.040496164086298372 1396 0.13675571680877366 1397 1.0000045690850565 1398 1.0000045690850565
		 1399 1.0000045690850565 1400 1.0000045690850565 1401 1.0000045690850565 1402 1.0000045690850565
		 1403 1.0000045690850565 1404 1.0000045690850565 1405 1.0000045690850565 1406 1.0000045690850565
		 1408 1.0000019037854402 1409 1.0000007139195402 1410 1.0000003655268046 1412 1.0000000456908507
		 1414 1 1415 1 1416 1;
	setAttr -s 78 ".kit[77]"  1;
	setAttr -s 78 ".kot[0:77]"  1 18 18 18 18 18 18 18 
		18 18 18 18 18 18 18 18 18 18 18 18 18 18 18 18 18 
		18 18 18 18 18 18 18 18 18 18 18 18 18 18 18 18 18 
		18 18 18 18 18 18 18 18 18 18 18 18 18 18 18 18 18 
		18 18 18 18 18 18 18 18 18 18 18 18 18 18 18 18 18 
		18 18;
	setAttr -s 78 ".kix[77]"  0.033333333333338544;
	setAttr -s 78 ".kiy[77]"  0;
	setAttr -s 78 ".kox[0:77]"  0.033333333333331439 0.033333333333331439 
		0.066666666666669983 0.066666666666662877 0.033333333333338544 0.033333333333331439 
		0.066666666666662877 0.066666666666669983 0.033333333333331439 0.033333333333331439 
		0.066666666666669983 0.066666666666662877 0.033333333333338544 0.033333333333331439 
		0.033333333333331439 0.033333333333338544 0.066666666666662877 0.066666666666669983 
		0.066666666666662877 0.066666666666669983 0.066666666666662877 0.066666666666669983 
		0.033333333333331439 0.033333333333331439 0.066666666666669983 0.066666666666662877 
		0.066666666666669983 0.066666666666662877 0.066666666666669983 0.066666666666662877 
		0.066666666666669983 0.066666666666669983 0.066666666666662877 0.033333333333331439 
		0.033333333333338544 0.066666666666662877 0.033333333333331439 0.033333333333338544 
		0.066666666666662877 0.066666666666669983 0.066666666666662877 0.066666666666669983 
		0.066666666666662877 0.066666666666669983 0.066666666666662877 0.033333333333338544 
		0.033333333333331439 0.066666666666662877 0.066666666666669983 0.033333333333331439 
		0.033333333333338544 0.033333333333331439 0.033333333333331439 0.066666666666669983 
		0.066666666666662877 0.066666666666669983 0.066666666666662877 0.066666666666669983 
		0.033333333333331439 0.033333333333331439 0.033333333333338544 0.033333333333331439 
		0.033333333333331439 0.033333333333331439 0.033333333333338544 0.033333333333331439 
		0.033333333333331439 0.033333333333331439 0.033333333333338544 0.033333333333331439 
		0.066666666666662877 0.033333333333338544 0.033333333333331439 0.066666666666669983 
		0.066666666666662877 0.033333333333331439 0.033333333333338544 0.033333333333338544;
	setAttr -s 78 ".koy[0:77]"  0 0 0 0 -0.034085357086683442 0 0 0 0 0 
		0 0 0 0 0 0 0 0 0 0 0 0 0 0 0 0 0 0 0 0 0 0 0 0 0 0 0 0 0 0 0 0 0 0 0 0 0 0 0 0 0 
		0 0 0 0 0 0 -0.23987595897841898 -0.28913048922197848 0 0.28877865816748738 0 0 0 
		0 0 0 0 0 0 0 -1.2850551721253281e-06 -7.6912931779019155e-07 -4.4548579299550462e-07 
		-1.3707255197559221e-07 0 0 0;
createNode animCurveTU -n "CURVE2";
	rename -uid "F8878F15-7B41-0998-ED10-A2996FFFE38E";
	setAttr ".tan" 18;
	setAttr -s 78 ".ktv[0:77]"  1300 1 1301 1 1302 1 1304 1.1022560712600358
		 1306 1.0265108332896453 1307 1 1308 1 1310 1 1312 1 1313 1 1314 1 1316 1 1318 1 1319 1
		 1320 1 1321 1 1322 1 1324 1 1326 1 1328 1 1330 1 1332 1 1334 1 1335 1 1336 1 1338 1
		 1340 1 1342 1 1344 1 1346 1 1348 1 1350 1 1352 1 1354 1 1355 1 1356 1 1358 1 1359 1
		 1360 1 1362 1 1364 1 1366 1 1368 1 1370 1 1372 1 1374 1 1375 1 1376 1 1378 1 1380 1
		 1381 1 1382 1 1383 1 1384 1 1386 1 1388 1 1390 1 1392 0.90788763175229559 1394 0.52024808204318762
		 1395 0.040496164086298372 1396 0.13675571680877366 1397 1.0000045690850565 1398 1.0000045690850565
		 1399 1.0000045690850565 1400 1.0000045690850565 1401 1.0000045690850565 1402 1.0000045690850565
		 1403 1.0000045690850565 1404 1.0000045690850565 1405 1.0000045690850565 1406 1.0000045690850565
		 1408 1.0000019037854402 1409 1.0000007139195402 1410 1.0000003655268046 1412 1.0000000456908507
		 1414 1 1415 1 1416 1;
	setAttr -s 78 ".kit[77]"  1;
	setAttr -s 78 ".kot[0:77]"  1 18 18 18 18 18 18 18 
		18 18 18 18 18 18 18 18 18 18 18 18 18 18 18 18 18 
		18 18 18 18 18 18 18 18 18 18 18 18 18 18 18 18 18 
		18 18 18 18 18 18 18 18 18 18 18 18 18 18 18 18 18 
		18 18 18 18 18 18 18 18 18 18 18 18 18 18 18 18 18 
		18 18;
	setAttr -s 78 ".kix[77]"  0.033333333333338544;
	setAttr -s 78 ".kiy[77]"  0;
	setAttr -s 78 ".kox[0:77]"  0.033333333333331439 0.033333333333331439 
		0.066666666666669983 0.066666666666662877 0.033333333333338544 0.033333333333331439 
		0.066666666666662877 0.066666666666669983 0.033333333333331439 0.033333333333331439 
		0.066666666666669983 0.066666666666662877 0.033333333333338544 0.033333333333331439 
		0.033333333333331439 0.033333333333338544 0.066666666666662877 0.066666666666669983 
		0.066666666666662877 0.066666666666669983 0.066666666666662877 0.066666666666669983 
		0.033333333333331439 0.033333333333331439 0.066666666666669983 0.066666666666662877 
		0.066666666666669983 0.066666666666662877 0.066666666666669983 0.066666666666662877 
		0.066666666666669983 0.066666666666669983 0.066666666666662877 0.033333333333331439 
		0.033333333333338544 0.066666666666662877 0.033333333333331439 0.033333333333338544 
		0.066666666666662877 0.066666666666669983 0.066666666666662877 0.066666666666669983 
		0.066666666666662877 0.066666666666669983 0.066666666666662877 0.033333333333338544 
		0.033333333333331439 0.066666666666662877 0.066666666666669983 0.033333333333331439 
		0.033333333333338544 0.033333333333331439 0.033333333333331439 0.066666666666669983 
		0.066666666666662877 0.066666666666669983 0.066666666666662877 0.066666666666669983 
		0.033333333333331439 0.033333333333331439 0.033333333333338544 0.033333333333331439 
		0.033333333333331439 0.033333333333331439 0.033333333333338544 0.033333333333331439 
		0.033333333333331439 0.033333333333331439 0.033333333333338544 0.033333333333331439 
		0.066666666666662877 0.033333333333338544 0.033333333333331439 0.066666666666669983 
		0.066666666666662877 0.033333333333331439 0.033333333333338544 0.033333333333338544;
	setAttr -s 78 ".koy[0:77]"  0 0 0 0 -0.034085357086683442 0 0 0 0 0 
		0 0 0 0 0 0 0 0 0 0 0 0 0 0 0 0 0 0 0 0 0 0 0 0 0 0 0 0 0 0 0 0 0 0 0 0 0 0 0 0 0 
		0 0 0 0 0 0 -0.23987595897841898 -0.28913048922197848 0 0.28877865816748738 0 0 0 
		0 0 0 0 0 0 0 -1.2850551721253281e-06 -7.6912931779019155e-07 -4.4548579299550462e-07 
		-1.3707255197559221e-07 0 0 0;
createNode animCurveTL -n "CURVE4";
	rename -uid "09D9B323-5C42-1FD6-2B88-7B910C91C819";
	setAttr ".tan" 18;
	setAttr -s 78 ".ktv[0:77]"  1300 0 1301 0 1302 0 1304 0.031083739463340407
		 1306 0.035762268370347988 1307 0.035942211789848362 1308 0.035942211789848362 1310 0.035942211789848362
		 1312 0.035942211789848362 1313 0.035942211789848362 1314 0.035942211789848362 1316 0.035942211789848362
		 1318 0.035942211789848362 1319 0.046050958855749294 1320 0.047688950278464814 1321 0.047922949053138458
		 1322 0.047922949053138458 1324 0.047922949053138458 1326 0.047922949053138458 1328 0.047922949053138458
		 1330 0.047922949053138458 1332 0.047922949053138458 1334 0.047922949053138458 1335 0.047922949053138458
		 1336 0.047922949053138458 1338 0.047922949053138458 1340 0.047922949053138458 1342 0.047922949053138458
		 1344 0.047922949053138458 1346 0.047922949053138458 1348 0.047922949053138458 1350 0.047922949053138458
		 1352 0.047922949053138458 1354 0.047922949053138458 1355 0.047922949053138458 1356 0.047922949053138458
		 1358 0.047922949053138458 1359 0.047922949053138458 1360 0.047922949053138458 1362 0.047922949053138458
		 1364 0.047922949053138458 1366 0.047922949053138458 1368 0.047922949053138458 1370 0.047922949053138458
		 1372 0.047922949053138458 1374 0.047922949053138458 1375 0.047922949053138458 1376 0.047922949053138458
		 1378 0.047922949053138458 1380 0.047922949053138458 1381 0.047922949053138458 1382 0.047922949053138458
		 1383 0.047922949053138458 1384 0.047922949053138458 1386 0.047922949053138458 1388 0.047922949053138458
		 1390 0.047922949053138458 1392 0.043322348770752785 1394 0.023961488083286592 1395 2.4315609584806729e-08
		 1396 0.0039351922411654718 1397 0.010771656502125374 1398 0.018291492742601414 1399 0.025419262442906602
		 1400 0.024315474888849897 1401 0.013907723342359892 1402 0.0033724419132714727 1403 -0.0065770257032108873
		 1404 -0.013469894374062347 1405 -0.010819223037347132 1406 -0.0062142455630949701
		 1408 -0.001963710774264135 1409 -0.00097632563316432143 1410 -0.00067613428119956049
		 1412 -0.00045816799545142202 1414 -0.00031544988226863042 1415 -0.00012285616852132362
		 1416 0;
	setAttr -s 78 ".kit[77]"  1;
	setAttr -s 78 ".kot[0:77]"  1 18 18 18 18 18 18 18 
		18 18 18 18 18 18 18 18 18 18 18 18 18 18 18 18 18 
		18 18 18 18 18 18 18 18 18 18 18 18 18 18 18 18 18 
		18 18 18 18 18 18 18 18 18 18 18 18 18 18 18 18 18 
		18 18 18 18 18 18 18 18 18 18 18 18 18 18 18 18 18 
		18 18;
	setAttr -s 78 ".kix[77]"  0.033333333333338544;
	setAttr -s 78 ".kiy[77]"  0;
	setAttr -s 78 ".kox[0:77]"  0.033333333333331439 0.033333333333331439 
		0.066666666666669983 0.066666666666662877 0.033333333333338544 0.033333333333331439 
		0.066666666666662877 0.066666666666669983 0.033333333333331439 0.033333333333331439 
		0.066666666666669983 0.066666666666662877 0.033333333333338544 0.033333333333331439 
		0.033333333333331439 0.033333333333338544 0.066666666666662877 0.066666666666669983 
		0.066666666666662877 0.066666666666669983 0.066666666666662877 0.066666666666669983 
		0.033333333333331439 0.033333333333331439 0.066666666666669983 0.066666666666662877 
		0.066666666666669983 0.066666666666662877 0.066666666666669983 0.066666666666662877 
		0.066666666666669983 0.066666666666669983 0.066666666666662877 0.033333333333331439 
		0.033333333333338544 0.066666666666662877 0.033333333333331439 0.033333333333338544 
		0.066666666666662877 0.066666666666669983 0.066666666666662877 0.066666666666669983 
		0.066666666666662877 0.066666666666669983 0.066666666666662877 0.033333333333338544 
		0.033333333333331439 0.066666666666662877 0.066666666666669983 0.033333333333331439 
		0.033333333333338544 0.033333333333331439 0.033333333333331439 0.066666666666669983 
		0.066666666666662877 0.066666666666669983 0.066666666666662877 0.066666666666669983 
		0.033333333333331439 0.033333333333331439 0.033333333333338544 0.033333333333331439 
		0.033333333333331439 0.033333333333331439 0.033333333333338544 0.033333333333331439 
		0.033333333333331439 0.033333333333331439 0.033333333333338544 0.033333333333331439 
		0.066666666666662877 0.033333333333338544 0.033333333333331439 0.066666666666669983 
		0.066666666666662877 0.033333333333331439 0.033333333333338544 0.033333333333338544;
	setAttr -s 78 ".koy[0:77]"  0 0 0 0.014035586721022744 0.00053983025850112137 
		0 0 0 0 0 0 0 0 0.004913974268146562 0.00070199632402093148 0 0 0 0 0 0 0 0 0 0 0 
		0 0 0 0 0 0 0 0 0 0 0 0 0 0 0 0 0 0 0 0 0 0 0 0 0 0 0 0 0 0 0 -0.011980730484926571 
		-0.014440774818380041 0 0.0053858160932584685 0.007178150250717206 0.0073238029703906141 
		0 -0.0033113626621708216 -0.010471516487788097 -0.01024237452278539 -0.0084211681436669097 
		0 0.0036278244054833014 0.0059036748420553311 0.001745973309977131 0.00064378824653221864 
		0.00034543842514194519 0.00018034219946545541 0.00011177060897669947 0.00015772494113433204 
		0;
createNode animCurveTL -n "CURVE5";
	rename -uid "9D75CA0F-E448-5949-13BF-70A0E98EC362";
	setAttr ".tan" 18;
	setAttr -s 78 ".ktv[0:77]"  1300 0 1301 0 1302 0 1304 -2.9441820187121187e-08
		 1306 -0.0082715299229690741 1307 -0.011166541842553048 1308 -0.011166541842553048
		 1310 -0.011166541842553048 1312 -0.011166541842553048 1313 -0.011166541842553048
		 1314 -0.011166541842553048 1316 -0.011166541842553048 1318 -0.011166541842553048
		 1319 -0.016907892761745588 1320 -0.017838204253281469 1321 -0.017971105894929451
		 1322 -0.017971105894929451 1324 -0.017971105894929451 1326 -0.017971105894929451
		 1328 -0.017971105894929451 1330 -0.017971105894929451 1332 -0.017971105894929451
		 1334 -0.017971105894929451 1335 -0.017971105894929451 1336 -0.017971105894929451
		 1338 -0.017971105894929451 1340 -0.017971105894929451 1342 -0.017971105894929451
		 1344 -0.017971105894929451 1346 -0.017971105894929451 1348 -0.017971105894929451
		 1350 -0.017971105894929451 1352 -0.017971105894929451 1354 -0.017971105894929451
		 1355 -0.017971105894929451 1356 -0.017940940110034383 1358 -0.017156629702762945
		 1359 -0.016040495661645983 1360 -0.0089855529474654437 1362 -0.0015899213887179409
		 1364 -0.00047108781887936473 1366 -5.8885977359930024e-05 1368 0 1370 0 1372 0 1374 0
		 1375 0 1376 1.1581736409202611e-05 1378 0.00031270688304847012 1380 0.0014477170511505092
		 1381 0.008985552947466606 1382 0.013783524553251238 1383 0.016418910536067116 1384 0.016993630100427523
		 1386 0.017681483437299892 1388 0.017934903087726529 1390 0.017971105894930339 1392 0.01624587972901723
		 1394 0.0089855529474658878 1395 0 1396 0 1397 0 1398 0 1399 0 1400 0 1401 0 1402 0
		 1403 0 1404 0 1405 0 1406 0 1408 0 1409 0 1410 0 1412 0 1414 0 1415 0 1416 0;
	setAttr -s 78 ".kit[77]"  1;
	setAttr -s 78 ".kot[0:77]"  1 18 18 18 18 18 18 18 
		18 18 18 18 18 18 18 18 18 18 18 18 18 18 18 18 18 
		18 18 18 18 18 18 18 18 18 18 18 18 18 18 18 18 18 
		18 18 18 18 18 18 18 18 18 18 18 18 18 18 18 18 18 
		18 18 18 18 18 18 18 18 18 18 18 18 18 18 18 18 18 
		18 18;
	setAttr -s 78 ".kix[77]"  0.033333333333338544;
	setAttr -s 78 ".kiy[77]"  0;
	setAttr -s 78 ".kox[0:77]"  0.033333333333331439 0.033333333333331439 
		0.066666666666669983 0.066666666666662877 0.033333333333338544 0.033333333333331439 
		0.066666666666662877 0.066666666666669983 0.033333333333331439 0.033333333333331439 
		0.066666666666669983 0.066666666666662877 0.033333333333338544 0.033333333333331439 
		0.033333333333331439 0.033333333333338544 0.066666666666662877 0.066666666666669983 
		0.066666666666662877 0.066666666666669983 0.066666666666662877 0.066666666666669983 
		0.033333333333331439 0.033333333333331439 0.066666666666669983 0.066666666666662877 
		0.066666666666669983 0.066666666666662877 0.066666666666669983 0.066666666666662877 
		0.066666666666669983 0.066666666666669983 0.066666666666662877 0.033333333333331439 
		0.033333333333338544 0.066666666666662877 0.033333333333331439 0.033333333333338544 
		0.066666666666662877 0.066666666666669983 0.066666666666662877 0.066666666666669983 
		0.066666666666662877 0.066666666666669983 0.066666666666662877 0.033333333333338544 
		0.033333333333331439 0.066666666666662877 0.066666666666669983 0.033333333333331439 
		0.033333333333338544 0.033333333333331439 0.033333333333331439 0.066666666666669983 
		0.066666666666662877 0.066666666666669983 0.066666666666662877 0.066666666666669983 
		0.033333333333331439 0.033333333333331439 0.033333333333338544 0.033333333333331439 
		0.033333333333331439 0.033333333333331439 0.033333333333338544 0.033333333333331439 
		0.033333333333331439 0.033333333333331439 0.033333333333338544 0.033333333333331439 
		0.066666666666662877 0.033333333333338544 0.033333333333331439 0.066666666666669983 
		0.066666666666662877 0.033333333333331439 0.033333333333338544 0.033333333333338544;
	setAttr -s 78 ".koy[0:77]"  0 0 0 -8.8325460561354151e-08 -0.0037221708002448161 
		0 0 0 0 0 0 0 0 -0.0027909344746076432 -0.00039870492494394755 0 0 0 0 0 0 0 0 0 
		0 0 0 0 0 0 0 0 0 0 0 0.00018099470937036786 0.00063348148279613345 0.0033484021233515988 
		0.0096337161819513451 0.0033565007095157284 0.00076551770567896455 0.00017665793207979007 
		0 0 0 0 0 6.9490418455215669e-05 0.00071806765737069159 0.0017025152521528773 0.0061679037510510223 
		0.0037166787942998591 0.0016050527735881424 0.0008417152674885472 0.00047063649364947809 
		0.00010860842161142942 0 -0.0044927764737324651 -0.0054152932430053587 0 0 0 0 0 
		0 0 0 0 0 0 0 0 0 0 0 0 0 0;
createNode animCurveTU -n "CURVE6";
	rename -uid "97597B32-D048-21B3-6D88-1A92F07635BD";
	setAttr ".tan" 18;
	setAttr -s 78 ".ktv[0:77]"  1300 0 1301 0 1302 0 1304 0 1306 0 1307 0
		 1308 0 1310 0 1312 0 1313 0 1314 0 1316 0 1318 0 1319 0 1320 0 1321 0 1322 0 1324 0
		 1326 0 1328 0 1330 0 1332 0 1334 0 1335 0 1336 0 1338 0 1340 0 1342 0 1344 0 1346 0
		 1348 0 1350 0 1352 0 1354 0 1355 0 1356 0 1358 0 1359 0 1360 0 1362 0 1364 0 1366 0
		 1368 0 1370 0 1372 0 1374 0 1375 0 1376 0 1378 0 1380 0 1381 0 1382 0 1383 0 1384 0
		 1386 0 1388 0 1390 0 1392 -0.047999999999994332 1394 -0.24999999999998002 1395 -0.5
		 1396 -0.5 1397 -0.5 1398 -0.5 1399 -0.5 1400 -0.5 1401 -0.5 1402 -0.5 1403 -0.5 1404 -0.5
		 1405 -0.5 1406 -0.5 1408 -0.20833333333335302 1409 -0.078124999999992506 1410 -0.039999999999997447
		 1412 -0.0049999999999988803 1414 0 1415 0 1416 0;
	setAttr -s 78 ".kit[77]"  1;
	setAttr -s 78 ".kot[0:77]"  1 18 18 18 18 18 18 18 
		18 18 18 18 18 18 18 18 18 18 18 18 18 18 18 18 18 
		18 18 18 18 18 18 18 18 18 18 18 18 18 18 18 18 18 
		18 18 18 18 18 18 18 18 18 18 18 18 18 18 18 18 18 
		18 18 18 18 18 18 18 18 18 18 18 18 18 18 18 18 18 
		18 18;
	setAttr -s 78 ".kix[77]"  0.033333333333338544;
	setAttr -s 78 ".kiy[77]"  0;
	setAttr -s 78 ".kox[0:77]"  0.033333333333331439 0.033333333333331439 
		0.066666666666669983 0.066666666666662877 0.033333333333338544 0.033333333333331439 
		0.066666666666662877 0.066666666666669983 0.033333333333331439 0.033333333333331439 
		0.066666666666669983 0.066666666666662877 0.033333333333338544 0.033333333333331439 
		0.033333333333331439 0.033333333333338544 0.066666666666662877 0.066666666666669983 
		0.066666666666662877 0.066666666666669983 0.066666666666662877 0.066666666666669983 
		0.033333333333331439 0.033333333333331439 0.066666666666669983 0.066666666666662877 
		0.066666666666669983 0.066666666666662877 0.066666666666669983 0.066666666666662877 
		0.066666666666669983 0.066666666666669983 0.066666666666662877 0.033333333333331439 
		0.033333333333338544 0.066666666666662877 0.033333333333331439 0.033333333333338544 
		0.066666666666662877 0.066666666666669983 0.066666666666662877 0.066666666666669983 
		0.066666666666662877 0.066666666666669983 0.066666666666662877 0.033333333333338544 
		0.033333333333331439 0.066666666666662877 0.066666666666669983 0.033333333333331439 
		0.033333333333338544 0.033333333333331439 0.033333333333331439 0.066666666666669983 
		0.066666666666662877 0.066666666666669983 0.066666666666662877 0.066666666666669983 
		0.033333333333331439 0.033333333333331439 0.033333333333338544 0.033333333333331439 
		0.033333333333331439 0.033333333333331439 0.033333333333338544 0.033333333333331439 
		0.033333333333331439 0.033333333333331439 0.033333333333338544 0.033333333333331439 
		0.066666666666662877 0.033333333333338544 0.033333333333331439 0.066666666666669983 
		0.066666666666662877 0.033333333333331439 0.033333333333338544 0.033333333333338544;
	setAttr -s 78 ".koy[0:77]"  0 0 0 0 0 0 0 0 0 0 0 0 0 0 0 0 0 0 0 0 
		0 0 0 0 0 0 0 0 0 0 0 0 0 0 0 0 0 0 0 0 0 0 0 0 0 0 0 0 0 0 0 0 0 0 0 0 0 -0.12499999999999667 
		-0.15066666666665784 0 0 0 0 0 0 0 0 0 0 0 0 0.14062500000002248 0.084166666666668805 
		0.048749999999997483 0.014999999999996641 0 0 0;
createNode animCurveTU -n "CURVE7";
	rename -uid "B496C7EB-FE4A-5BBF-4AA2-B893ADCE7224";
	setAttr ".tan" 18;
	setAttr -s 78 ".ktv[0:77]"  1300 1 1301 1 1302 1 1304 1.1112079070048102
		 1306 1.0288316795938468 1307 1 1308 1 1310 1 1312 1 1313 1 1314 1 1316 1 1318 1 1319 0.98636815290335322
		 1320 0.98415928879047054 1321 0.98384373677434445 1322 0.98384373677434445 1324 0.98384373677434445
		 1326 0.98384373677434445 1328 0.98384373677434445 1330 0.98384373677434445 1332 0.98384373677434445
		 1334 0.98384373677434445 1335 0.98384373677434445 1336 0.99028783101335283 1338 0.99188127977063512
		 1340 0.99188127977063512 1342 0.99188127977063512 1344 0.99188127977063512 1346 0.99188127977063512
		 1348 0.99188127977063512 1350 0.99188127977063512 1352 0.99188127977063512 1354 0.99188127977063512
		 1355 0.99188127977063512 1356 0.99315315506379698 1358 1.0028019874683942 1359 1.0108281646193669
		 1360 1.0369099588227144 1362 1.027586675910841 1364 1.0249524785166924 1366 1.0236324200472651
		 1368 1.0232713278202021 1370 1.0232713278202021 1372 1.0232713278202021 1374 1.0232713278202021
		 1375 1.0232713278202021 1376 1.0233682678234235 1378 1.0258887079071783 1380 1.0353888282228709
		 1381 1.0700102579447788 1382 1.0628312847913164 1383 1.0543822237820955 1384 1.0521152801177143
		 1386 1.049046865424637 1388 1.0475459261410112 1390 1.0471486765410816 1392 1.0571448281321538
		 1394 1.1407910145322864 1395 1.3043108943930628 1396 1.3043108943930628 1397 1.1440539241680263
		 1398 1.0658278975631341 1399 1.0000067588431094 1400 1.0000067588431094 1401 1.0000067588431094
		 1402 1.0000067588431094 1403 1.0000067588431094 1404 1.0000067588431094 1405 1.0000067588431094
		 1406 1.0000067588431094 1408 1.0000028161846288 1409 1.0000010560692358 1410 1.0000005407074488
		 1412 1.0000000675884311 1414 1 1415 1 1416 1;
	setAttr -s 78 ".kit[77]"  1;
	setAttr -s 78 ".kot[0:77]"  1 18 18 18 18 18 18 18 
		18 18 18 18 18 18 18 18 18 18 18 18 18 18 18 18 18 
		18 18 18 18 18 18 18 18 18 18 18 18 18 18 18 18 18 
		18 18 18 18 18 18 18 18 18 18 18 18 18 18 18 18 18 
		18 18 18 18 18 18 18 18 18 18 18 18 18 18 18 18 18 
		18 18;
	setAttr -s 78 ".kix[77]"  0.033333333333338544;
	setAttr -s 78 ".kiy[77]"  0;
	setAttr -s 78 ".kox[0:77]"  0.033333333333331439 0.033333333333331439 
		0.066666666666669983 0.066666666666662877 0.033333333333338544 0.033333333333331439 
		0.066666666666662877 0.066666666666669983 0.033333333333331439 0.033333333333331439 
		0.066666666666669983 0.066666666666662877 0.033333333333338544 0.033333333333331439 
		0.033333333333331439 0.033333333333338544 0.066666666666662877 0.066666666666669983 
		0.066666666666662877 0.066666666666669983 0.066666666666662877 0.066666666666669983 
		0.033333333333331439 0.033333333333331439 0.066666666666669983 0.066666666666662877 
		0.066666666666669983 0.066666666666662877 0.066666666666669983 0.066666666666662877 
		0.066666666666669983 0.066666666666669983 0.066666666666662877 0.033333333333331439 
		0.033333333333338544 0.066666666666662877 0.033333333333331439 0.033333333333338544 
		0.066666666666662877 0.066666666666669983 0.066666666666662877 0.066666666666669983 
		0.066666666666662877 0.066666666666669983 0.066666666666662877 0.033333333333338544 
		0.033333333333331439 0.066666666666662877 0.066666666666669983 0.033333333333331439 
		0.033333333333338544 0.033333333333331439 0.033333333333331439 0.066666666666669983 
		0.066666666666662877 0.066666666666669983 0.066666666666662877 0.066666666666669983 
		0.033333333333331439 0.033333333333331439 0.033333333333338544 0.033333333333331439 
		0.033333333333331439 0.033333333333331439 0.033333333333338544 0.033333333333331439 
		0.033333333333331439 0.033333333333331439 0.033333333333338544 0.033333333333331439 
		0.066666666666662877 0.033333333333338544 0.033333333333331439 0.066666666666669983 
		0.066666666666662877 0.033333333333331439 0.033333333333338544 0.033333333333338544;
	setAttr -s 78 ".koy[0:77]"  0 0 0 0 -0.037069302334942003 0 0 0 0 0 
		0 0 0 -0.0066265923386480408 -0.00094665604837829154 0 0 0 0 0 0 0 0 0 0.0047803462718468692 
		0 0 0 0 0 0 0 0 0 0 0.0072804717985055509 0.0058916698518566291 0.017053985677161917 
		0 -0.005978740153011349 -0.0019771279317878422 -0.00084057534824515427 0 0 0 0 0 
		0.00058164001932814458 0.0060102801997240366 0.014250180473537358 0 -0.0078140170813408294 
		-0.0053580023368010599 -0.0035569055716391023 -0.0022846769883514313 -0.00094909444177775971 
		0 0.029988454773219965 0.082388688753630479 0 0 -0.11924149841495163 -0.072023582662458452 
		0 0 0 0 0 0 0 0 -1.9009246245244877e-06 -1.1377385900067546e-06 -6.5898720317631374e-07 
		-2.0276529322238446e-07 0 0 0;
createNode animCurveTU -n "CURVE8";
	rename -uid "1A79D3B5-F84E-A5AE-8502-E687E15EE669";
	setAttr ".tan" 18;
	setAttr -s 78 ".ktv[0:77]"  1300 1 1301 1 1302 1 1304 1 1306 1 1307 1
		 1308 1 1310 1 1312 1 1313 1 1314 1 1316 1 1318 1 1319 0.98636815290335322 1320 0.98415928879047054
		 1321 0.98384373677434445 1322 0.98384373677434445 1324 0.98384373677434445 1326 0.98384373677434445
		 1328 0.98384373677434445 1330 0.98384373677434445 1332 0.98384373677434445 1334 0.98384373677434445
		 1335 0.98384373677434445 1336 0.99028783101335283 1338 0.99188127977063512 1340 0.99188127977063512
		 1342 0.99188127977063512 1344 0.99188127977063512 1346 0.99188127977063512 1348 0.99188127977063512
		 1350 0.99188127977063512 1352 0.99188127977063512 1354 0.99188127977063512 1355 0.99188127977063512
		 1356 0.99194873777353543 1358 0.99370264584894163 1359 0.99619859195625049 1360 1.0119751529749641
		 1362 1.0285135767844134 1364 1.0310155596919235 1366 1.0319373428683747 1368 1.0320690261792962
		 1370 1.0320690261792962 1372 1.0320690261792962 1374 1.0320690261792962 1375 1.0320690261792962
		 1376 1.0320844142784289 1378 1.0324845048558797 1380 1.0339925385708868 1381 1.0440077005397379
		 1382 1.0503825358923311 1383 1.053884047179044 1384 1.0546476495714163 1386 1.055561567395358
		 1388 1.0558982739620735 1390 1.0559463749001756 1392 1.0505732781498909 1394 1.0279614959924419
		 1395 0.99997661708470365 1396 0.99997661708470365 1397 0.99997661708470365 1398 0.99997661708470365
		 1399 0.99997661708470365 1400 0.99997661708470365 1401 0.99997661708470365 1402 0.99997661708470365
		 1403 0.99997661708470365 1404 0.99997661708470365 1405 0.99997661708470365 1406 0.99997661708470365
		 1408 0.99999025711862655 1409 0.99999634641948498 1410 0.99999812936677634 1412 0.99999976617084707
		 1414 1 1415 1 1416 1;
	setAttr -s 78 ".kit[77]"  1;
	setAttr -s 78 ".kot[0:77]"  1 18 18 18 18 18 18 18 
		18 18 18 18 18 18 18 18 18 18 18 18 18 18 18 18 18 
		18 18 18 18 18 18 18 18 18 18 18 18 18 18 18 18 18 
		18 18 18 18 18 18 18 18 18 18 18 18 18 18 18 18 18 
		18 18 18 18 18 18 18 18 18 18 18 18 18 18 18 18 18 
		18 18;
	setAttr -s 78 ".kix[77]"  0.033333333333338544;
	setAttr -s 78 ".kiy[77]"  0;
	setAttr -s 78 ".kox[0:77]"  0.033333333333331439 0.033333333333331439 
		0.066666666666669983 0.066666666666662877 0.033333333333338544 0.033333333333331439 
		0.066666666666662877 0.066666666666669983 0.033333333333331439 0.033333333333331439 
		0.066666666666669983 0.066666666666662877 0.033333333333338544 0.033333333333331439 
		0.033333333333331439 0.033333333333338544 0.066666666666662877 0.066666666666669983 
		0.066666666666662877 0.066666666666669983 0.066666666666662877 0.066666666666669983 
		0.033333333333331439 0.033333333333331439 0.066666666666669983 0.066666666666662877 
		0.066666666666669983 0.066666666666662877 0.066666666666669983 0.066666666666662877 
		0.066666666666669983 0.066666666666669983 0.066666666666662877 0.033333333333331439 
		0.033333333333338544 0.066666666666662877 0.033333333333331439 0.033333333333338544 
		0.066666666666662877 0.066666666666669983 0.066666666666662877 0.066666666666669983 
		0.066666666666662877 0.066666666666669983 0.066666666666662877 0.033333333333338544 
		0.033333333333331439 0.066666666666662877 0.066666666666669983 0.033333333333331439 
		0.033333333333338544 0.033333333333331439 0.033333333333331439 0.066666666666669983 
		0.066666666666662877 0.066666666666669983 0.066666666666662877 0.066666666666669983 
		0.033333333333331439 0.033333333333331439 0.033333333333338544 0.033333333333331439 
		0.033333333333331439 0.033333333333331439 0.033333333333338544 0.033333333333331439 
		0.033333333333331439 0.033333333333331439 0.033333333333338544 0.033333333333331439 
		0.066666666666662877 0.033333333333338544 0.033333333333331439 0.066666666666669983 
		0.066666666666662877 0.033333333333331439 0.033333333333338544 0.033333333333338544;
	setAttr -s 78 ".koy[0:77]"  0 0 0 0 0 0 0 0 0 0 0 0 0 -0.0066265923386480408 
		-0.00094665604837829154 0 0 0 0 0 0 0 0 0 0.0047803462718468692 0 0 0 0 0 0 0 0 0 
		0 0.00040474801740178181 0.001416618060905021 0.0074878383219281613 0.021543323218773711 
		0.007505948722530408 0.001711883041980575 0.00039504993276451295 0 0 0 0 0 9.2328594796242669e-05 
		0.00095406214622900198 0.0022620505725103688 0.0081949986607230251 0.0049381733196525463 
		0.0021325568395426098 0.0011183468108760094 0.00062531219532854223 0.00014430281430644065 
		0 -0.013992439453867602 -0.016865553688394545 0 0 0 0 0 0 0 0 0 0 0 0 6.5764449271134841e-06 
		3.936124074898764e-06 2.27983424139219e-06 7.014874587873976e-07 0 0 0;
createNode animCurveTA -n "CURVE9";
	rename -uid "5615067B-4B42-C6DA-44EB-84B2253D3732";
	setAttr ".tan" 18;
	setAttr -s 78 ".ktv[0:77]"  1300 0 1301 0 1302 0 1304 0 1306 0 1307 0
		 1308 0 1310 0 1312 0 1313 0 1314 0 1316 0 1318 0 1319 0 1320 0 1321 0 1322 0 1324 0
		 1326 0 1328 0 1330 0 1332 0 1334 0 1335 0 1336 0 1338 0 1340 0 1342 0 1344 0 1346 0
		 1348 0 1350 0 1352 0 1354 0 1355 0 1356 0 1358 0 1359 0 1360 0 1362 0 1364 0 1366 0
		 1368 0 1370 0 1372 0 1374 0 1375 0 1376 0 1378 0 1380 0 1381 0 1382 0 1383 0 1384 0
		 1386 0 1388 0 1390 0 1392 0 1394 0 1395 0 1396 0 1397 0 1398 0 1399 0 1400 0 1401 0
		 1402 0 1403 0 1404 0 1405 0 1406 0 1408 0 1409 0 1410 0 1412 0 1414 0 1415 0 1416 0;
	setAttr -s 78 ".kit[77]"  1;
	setAttr -s 78 ".kot[0:77]"  1 18 18 18 18 18 18 18 
		18 18 18 18 18 18 18 18 18 18 18 18 18 18 18 18 18 
		18 18 18 18 18 18 18 18 18 18 18 18 18 18 18 18 18 
		18 18 18 18 18 18 18 18 18 18 18 18 18 18 18 18 18 
		18 18 18 18 18 18 18 18 18 18 18 18 18 18 18 18 18 
		18 18;
	setAttr -s 78 ".kix[77]"  0.033333333333338544;
	setAttr -s 78 ".kiy[77]"  0;
	setAttr -s 78 ".kox[0:77]"  0.033333333333331439 0.033333333333331439 
		0.066666666666669983 0.066666666666662877 0.033333333333338544 0.033333333333331439 
		0.066666666666662877 0.066666666666669983 0.033333333333331439 0.033333333333331439 
		0.066666666666669983 0.066666666666662877 0.033333333333338544 0.033333333333331439 
		0.033333333333331439 0.033333333333338544 0.066666666666662877 0.066666666666669983 
		0.066666666666662877 0.066666666666669983 0.066666666666662877 0.066666666666669983 
		0.033333333333331439 0.033333333333331439 0.066666666666669983 0.066666666666662877 
		0.066666666666669983 0.066666666666662877 0.066666666666669983 0.066666666666662877 
		0.066666666666669983 0.066666666666669983 0.066666666666662877 0.033333333333331439 
		0.033333333333338544 0.066666666666662877 0.033333333333331439 0.033333333333338544 
		0.066666666666662877 0.066666666666669983 0.066666666666662877 0.066666666666669983 
		0.066666666666662877 0.066666666666669983 0.066666666666662877 0.033333333333338544 
		0.033333333333331439 0.066666666666662877 0.066666666666669983 0.033333333333331439 
		0.033333333333338544 0.033333333333331439 0.033333333333331439 0.066666666666669983 
		0.066666666666662877 0.066666666666669983 0.066666666666662877 0.066666666666669983 
		0.033333333333331439 0.033333333333331439 0.033333333333338544 0.033333333333331439 
		0.033333333333331439 0.033333333333331439 0.033333333333338544 0.033333333333331439 
		0.033333333333331439 0.033333333333331439 0.033333333333338544 0.033333333333331439 
		0.066666666666662877 0.033333333333338544 0.033333333333331439 0.066666666666669983 
		0.066666666666662877 0.033333333333331439 0.033333333333338544 0.033333333333338544;
	setAttr -s 78 ".koy[0:77]"  0 0 0 0 0 0 0 0 0 0 0 0 0 0 0 0 0 0 0 0 
		0 0 0 0 0 0 0 0 0 0 0 0 0 0 0 0 0 0 0 0 0 0 0 0 0 0 0 0 0 0 0 0 0 0 0 0 0 0 0 0 0 
		0 0 0 0 0 0 0 0 0 0 0 0 0 0 0 0 0;
createNode animCurveTU -n "CURVE10";
	rename -uid "7B35ACC8-8646-6A98-0F61-5F8D49B00387";
	setAttr ".tan" 18;
	setAttr -s 78 ".ktv[0:77]"  1300 1 1301 1 1302 1 1304 1 1306 1 1307 1
		 1308 1 1310 1 1312 1 1313 1 1314 1 1316 1 1318 1 1319 1 1320 1 1321 1 1322 1 1324 1
		 1326 1 1328 1 1330 1 1332 1 1334 1 1335 1 1336 1 1338 1 1340 1 1342 1 1344 1 1346 1
		 1348 1 1350 1 1352 1 1354 1 1355 1 1356 1 1358 1 1359 1 1360 1 1362 1 1364 1 1366 1
		 1368 1 1370 1 1372 1 1374 1 1375 1 1376 1 1378 1 1380 1 1381 1 1382 1 1383 1 1384 1
		 1386 1 1388 1 1390 1 1392 1 1394 1 1395 1 1396 1 1397 1 1398 1 1399 1 1400 1 1401 1
		 1402 1 1403 1 1404 1 1405 1 1406 1 1408 1 1409 1 1410 1 1412 1 1414 1 1415 1 1416 1;
	setAttr -s 78 ".kit[77]"  1;
	setAttr -s 78 ".kot[0:77]"  1 18 18 18 18 18 18 18 
		18 18 18 18 18 18 18 18 18 18 18 18 18 18 18 18 18 
		18 18 18 18 18 18 18 18 18 18 18 18 18 18 18 18 18 
		18 18 18 18 18 18 18 18 18 18 18 18 18 18 18 18 18 
		18 18 18 18 18 18 18 18 18 18 18 18 18 18 18 18 18 
		18 18;
	setAttr -s 78 ".kix[77]"  0.033333333333338544;
	setAttr -s 78 ".kiy[77]"  0;
	setAttr -s 78 ".kox[0:77]"  0.033333333333331439 0.033333333333331439 
		0.066666666666669983 0.066666666666662877 0.033333333333338544 0.033333333333331439 
		0.066666666666662877 0.066666666666669983 0.033333333333331439 0.033333333333331439 
		0.066666666666669983 0.066666666666662877 0.033333333333338544 0.033333333333331439 
		0.033333333333331439 0.033333333333338544 0.066666666666662877 0.066666666666669983 
		0.066666666666662877 0.066666666666669983 0.066666666666662877 0.066666666666669983 
		0.033333333333331439 0.033333333333331439 0.066666666666669983 0.066666666666662877 
		0.066666666666669983 0.066666666666662877 0.066666666666669983 0.066666666666662877 
		0.066666666666669983 0.066666666666669983 0.066666666666662877 0.033333333333331439 
		0.033333333333338544 0.066666666666662877 0.033333333333331439 0.033333333333338544 
		0.066666666666662877 0.066666666666669983 0.066666666666662877 0.066666666666669983 
		0.066666666666662877 0.066666666666669983 0.066666666666662877 0.033333333333338544 
		0.033333333333331439 0.066666666666662877 0.066666666666669983 0.033333333333331439 
		0.033333333333338544 0.033333333333331439 0.033333333333331439 0.066666666666669983 
		0.066666666666662877 0.066666666666669983 0.066666666666662877 0.066666666666669983 
		0.033333333333331439 0.033333333333331439 0.033333333333338544 0.033333333333331439 
		0.033333333333331439 0.033333333333331439 0.033333333333338544 0.033333333333331439 
		0.033333333333331439 0.033333333333331439 0.033333333333338544 0.033333333333331439 
		0.066666666666662877 0.033333333333338544 0.033333333333331439 0.066666666666669983 
		0.066666666666662877 0.033333333333331439 0.033333333333338544 0.033333333333338544;
	setAttr -s 78 ".koy[0:77]"  0 0 0 0 0 0 0 0 0 0 0 0 0 0 0 0 0 0 0 0 
		0 0 0 0 0 0 0 0 0 0 0 0 0 0 0 0 0 0 0 0 0 0 0 0 0 0 0 0 0 0 0 0 0 0 0 0 0 0 0 0 0 
		0 0 0 0 0 0 0 0 0 0 0 0 0 0 0 0 0;
createNode animCurveTU -n "CURVE12";
	rename -uid "B46348FC-534F-EFF2-402D-D19284CC89A1";
	setAttr ".tan" 18;
	setAttr -s 78 ".ktv[0:77]"  1300 1 1301 1 1302 1 1304 1.1022560712600358
		 1306 1.3373046244431595 1307 1.3958222811861065 1308 1.3958222811861065 1310 1.3958222811861065
		 1312 1.3958222811861065 1313 1.3958222811861065 1314 1.3958222811861065 1316 1.3968988461618161
		 1318 1.3968988461618161 1319 1.3968988461618161 1320 1.3968988461618161 1321 1.3968988461618161
		 1322 1.3968988461618161 1324 1.3968988461618161 1326 1.3968988461618161 1328 1.3968988461618161
		 1330 1.3968988461618161 1332 1.3968988461618161 1334 1.3968988461618161 1335 1.3968988461618161
		 1336 1.3968988461618161 1338 1.3968988461618161 1340 1.3968988461618161 1342 1.3968988461618161
		 1344 1.3968988461618161 1346 1.3968988461618161 1348 1.3968988461618161 1350 1.3968988461618161
		 1352 1.3968988461618161 1354 1.3968988461618161 1355 1.3968988461618161 1356 1.3968988461618161
		 1358 1.3968988461618161 1359 1.3968988461618161 1360 1.3968988461618161 1362 1.3968988461618161
		 1364 1.3968988461618161 1366 1.3968988461618161 1368 1.3968988461618161 1370 1.3968988461618161
		 1372 1.3968988461618161 1374 1.3968988461618161 1375 1.3968988461618161 1376 1.3968988461618161
		 1378 1.3968988461618161 1380 1.3968988461618161 1381 1.3968988461618161 1382 1.3968988461618161
		 1383 1.3968988461618161 1384 1.3968988461618161 1386 1.3968988461618161 1388 1.3968988461618161
		 1390 1.3968988461618161 1392 1.2666841886825817 1394 0.71869750512411157 1395 0.040496164086298372
		 1396 0.13675571680877366 1397 0.99999874929711519 1398 0.99999874929711519 1399 0.99999874929711519
		 1400 0.99999874929711519 1401 0.99999874929711519 1402 0.99999874929711519 1403 0.99999874929711519
		 1404 0.99999874929711519 1405 0.99999874929711519 1406 0.99999874929711519 1408 0.99999947887379803
		 1409 0.99999980457767423 1410 0.99999989994376925 1412 0.99999998749297114 1414 1
		 1415 1 1416 1;
	setAttr -s 78 ".kit[77]"  1;
	setAttr -s 78 ".kot[0:77]"  1 18 18 18 18 18 18 18 
		18 18 18 18 18 18 18 18 18 18 18 18 18 18 18 18 18 
		18 18 18 18 18 18 18 18 18 18 18 18 18 18 18 18 18 
		18 18 18 18 18 18 18 18 18 18 18 18 18 18 18 18 18 
		18 18 18 18 18 18 18 18 18 18 18 18 18 18 18 18 18 
		18 18;
	setAttr -s 78 ".kix[77]"  0.033333333333338544;
	setAttr -s 78 ".kiy[77]"  0;
	setAttr -s 78 ".kox[0:77]"  0.033333333333331439 0.033333333333331439 
		0.066666666666669983 0.066666666666662877 0.033333333333338544 0.033333333333331439 
		0.066666666666662877 0.066666666666669983 0.033333333333331439 0.033333333333331439 
		0.066666666666669983 0.066666666666662877 0.033333333333338544 0.033333333333331439 
		0.033333333333331439 0.033333333333338544 0.066666666666662877 0.066666666666669983 
		0.066666666666662877 0.066666666666669983 0.066666666666662877 0.066666666666669983 
		0.033333333333331439 0.033333333333331439 0.066666666666669983 0.066666666666662877 
		0.066666666666669983 0.066666666666662877 0.066666666666669983 0.066666666666662877 
		0.066666666666669983 0.066666666666669983 0.066666666666662877 0.033333333333331439 
		0.033333333333338544 0.066666666666662877 0.033333333333331439 0.033333333333338544 
		0.066666666666662877 0.066666666666669983 0.066666666666662877 0.066666666666669983 
		0.066666666666662877 0.066666666666669983 0.066666666666662877 0.033333333333338544 
		0.033333333333331439 0.066666666666662877 0.066666666666669983 0.033333333333331439 
		0.033333333333338544 0.033333333333331439 0.033333333333331439 0.066666666666669983 
		0.066666666666662877 0.066666666666669983 0.066666666666662877 0.066666666666669983 
		0.033333333333331439 0.033333333333331439 0.033333333333338544 0.033333333333331439 
		0.033333333333331439 0.033333333333331439 0.033333333333338544 0.033333333333331439 
